%Constants
A1 = 6000*10^-6; 
A2 = 7200*10^-6; 
A3 = 7200*10^-6; 
A4 = 6000*10^-6; 
A5 = 3000*10^-6;
E = 200*10^9;
L1 = 10; 
L2 = sqrt(61); 
L3 = sqrt(61); 
L4 = 6; 
L5 = 5;
M1 = A1/L1; 
M2 = A2/L2; 
M3 = A3/L3; 
M4 = A4/L4; 
M5 = A5/L5; 

%Global stiffness matrix
K = E*[0.59*M3+M4 -0.492*M3 0 0.492*M3;...
    -0.492*M3 M1+0.41*M3 0 -0.41*M3;...
    0 0 M5 -M5;...
    0.492*M3 -0.41*M3 -M5 0.41*M2+0.41*M3+M5];
F = [0; 0; -75000; 0];

%Displacements
U = (K\F)*1000

